697
-896
653
-394
-510
851
-517
571
-282
-423
680
-260
588
-367
154
144
900
-222
-99
406
-402
586
-633
-362
650
897
-450
238
-919
473
-818
154
-682
495
-659
-439
-762
-244
461
-447
-205
51
66
-184
-404
-973
-661
-443
-964
159
-979
-560
225
149
503
-716
-447
-712
-427
-833
-313
472
991
965
-869
-263
-895
-29
363
299
-648
-763
-129
57
-327
449
0
-683
-56
995
78
506
540
-935
-990
167
-926
713
609
-974
-295
360
-820
-420
-798
-698
-254
-962
595
549
-425
698
570
316
-483
-539
-799
-334
587
847
-898
-208
-316
483
820
606
323
619
247
-367
96
137
-970
267
405
-594
-666
-435
-516
84
404
805
627
843
-984
773
770
-376
953
282
451
-239
-907
539
-366
810
-395
-676
-983
217
611
-327
56
-198
494
738
-375
-554
645
-185
-822
-175
-42
159
775
-518
956
330
660
-634
216
212
501
390
459
301
0
105
-465
594
844
-988
253
-227
660
455
-518
-509
-935
-371
-100
-975
492
-824
553
-772
-113
-787
355
369
-18
470
25
996
125
225
457
794
-263
-714
783
136
292
856
-938
219
-673
945
-186
-900
907
-79
-47
-603
964
614
262
-935
-989
657
798
-624
-881
842
-479
-476
54
988
-667
-167
-13
559
911
-130
485
381
497
-318
-447
261
-51
-877
-234
971
451
261
622
521
-371
324
-192
-858
964
781
-686
924
-194
398
-162
90
671
737
-213
-535
69
-406
124
581
-38
-816
555
469
-999
581
-460
337
-293
74
-303
332
-370
48
-4
273
-739
428
635
-284
320
93
270
168
17
-504
311
-362
-263
-654
84
331
-229
244
-777
454
-773
909
347
854
785
751
703
832
0
-268
938
-776
-179
-305
-354
725
439
244
119
-985
826
-923
396
-474
-999
-573
286
-789
41
934
-372
-324
467
313
-15
-201
954
-331
-922
22
60
392
-101
538
-838
-164
465
-53
751
-388
-267
541
-613
813
-59
113
-757
981
933
-919
-201
-479
-250
983
-285
-158
-671
102
-737
0
531
-129
719
-710
-167
-632
-442
-193
-902
-434
-683
325
789
-284
-672
394
698
968
163
-224
389
5
719
554
-208
-296
-313
207
-461
631
-284
-860
-62
534
360
-409
60
622
-924
108
0
557
332
-891
1
-464
-699
742
209
662
637
-267
-564
748
792
949
-958
967
478
257
401
123
-395
260
0
-914
-597
-257
214
274
42
939